# beta = 11.2067, -0.4910
12.7688 -30.5882 4.65
20.9141 -24.9146 4.65
34.3675 25.5530 4.65

# beta = 12.1970, -7.3266
11.0859 -37.6313 3.08
31.0037 -19.4223 3.08
37.1918 11.5205 3.08

# beta = 6.7413, -2.8323
-1.4734 -34.2711 3.21
23.8747 -16.4675 3.21
28.3427 22.3934 3.21

# beta = 5.5288, 2.2116
-5.3716 -28.3073 3.01
17.5642 -16.6036 3.01
-2.2461 0.1975 3.01
-14.0872 5.0043 3.01
24.4000 29.9180 3.01

# beta = -8.3306, -3.8623
-26.7044 -26.2706 1.64
-13.5867 17.8588 1.64
-4.8606 22.1634 1.64

# beta = 18.1734, -9.1896
25.1377 -37.1073 4.85
34.8379 -27.4001 4.85
45.6944 7.1671 4.85

# beta = 8.7219, -1.7546
3.4840 -33.7393 4.03
23.8369 -19.5978 4.03
31.2035 24.1157 4.03

# beta = 2.2871, 2.9148
-16.0564 -26.6661 4.77
16.9360 -13.8192 4.77
-0.3345 -0.6289 4.77
-19.4497 7.7131 4.77
20.1116 33.5903 4.77

# beta = -1.8806, -8.0080
-18.5874 -39.4386 4.68
22.3249 -6.9124 4.68
-0.5169 1.1876 4.68
-13.4008 11.7875 4.68
18.0158 19.9557 4.68

# beta = 0.3351, -1.5722
-16.9673 -31.7089 4.11
19.3682 -11.3684 4.11
-0.2951 0.0660 4.11
-17.4152 10.0719 4.11
18.2526 28.0613 4.11

# beta = -3.3150, -13.4533
-17.6013 -42.0415 2.17
-1.8087 4.0817 2.17
-4.7036 7.7723 2.17

# beta = -3.1583, 4.9026
-19.5263 -6.6351 1.01
-18.4423 5.5523 1.01
4.5657 26.3729 1.01

# beta = -0.6672, -8.5976
-14.2507 -36.6515 2.02
21.1021 -4.9697 2.02
-1.6795 2.1428 2.02
-8.9737 8.2592 2.02
18.7395 13.4001 2.02

# beta = 6.2183, -9.2846
-3.2468 -42.4224 4.51
30.5382 -11.4072 4.51
31.7219 11.1383 4.51

# beta = 2.2656, 6.7826
-19.4859 -18.9217 4.91
12.8806 -13.4104 4.91
0.4029 -1.6850 4.91
-22.0983 5.1741 4.91
18.9891 38.3533 4.91

# beta = 3.9976, 5.8802
-13.9615 -19.5209 2.62
12.2748 -14.4798 2.62
-0.6655 -1.1853 2.62
-17.7218 3.8361 2.62
20.5539 34.3936 2.62

# beta = -10.2046, -3.2168
-31.3175 -27.5276 2.55
-15.7743 21.7643 2.55
-9.1046 25.3555 2.55

# beta = 15.9305, -10.8120
18.5072 -38.8901 2.57
36.4601 -19.0939 2.57
41.4968 0.5390 2.57

# beta = 4.6904, -2.7775
-6.6937 -34.1701 3.35
22.8811 -14.5084 3.35
-2.9769 1.4240 3.35
-11.5626 6.1266 3.35
25.4197 23.5771 3.35

# beta = 5.0000, 5.0000
-5.3058 -19.8738 1.50
0.2973 -18.6118 1.50
-8.9195 -16.4922 1.50
-4.3379 -16.2288 1.50
9.4019 -14.4295 1.50
-1.8618 -0.7737 1.50
-12.5029 2.1906 1.50
20.0479 29.1905 1.50

